8 9
28 03 03 03 03 03 03 04
24 23 23 23 23 23 23 12
30 06 00 14 15 15 15 12
-1 11 00 23 23 23 23 12
-1 11 00 00 00 00 00 12
-1 11 00 00 00 00 00 12
-1 11 00 00 00 00 00 12
-1 11 00 10 08 08 08 09
-1 33 27 34 -1 -1 -1 -1
1 1 1
2 8
20
3 3 1 0 0 45 15
3 4 1 0 35 45 15
3 5 1 0 0 45 15
3 6 1 0 35 45 15
3 5 3 0 0 30 90
3 3 5 0 0 30 90
3 4 3 1 75 30 90
3 4 5 1 75 30 90
3 4 4 1 60 30 90
3 4 6 1 60 30 90
3 3 4 1 45 30 90
3 5 6 1 45 30 90
3 5 5 1 30 30 90
3 6 6 1 30 30 90
3 3 6 1 15 30 90
3 5 4 1 15 30 90
3 3 3 1 0 30 90
3 6 4 1 0 30 90
3 6 3 0 15 30 90
3 6 5 0 15 30 90
2
6 1
6 3