8 9
28 03 03 03 03 03 03 04
24 23 23 23 23 23 23 12
30 06 00 14 15 15 15 12
-1 11 00 23 23 23 23 12
-1 11 00 00 00 00 00 12
-1 11 00 00 00 00 00 12
-1 11 00 00 00 00 00 12
-1 11 00 10 08 08 08 09
-1 33 27 34 -1 -1 -1 -1
1 1 1
2 8
20
3 3 1 0 0 60 20
3 4 1 0 40 60 20
3 5 1 0 0 60 20
3 6 1 0 40 60 20
3 5 3 0 0 40 120
3 3 5 0 0 40 120
3 4 3 1 100 40 120
3 4 5 1 100 40 120
3 4 4 1 80 40 120
3 4 6 1 80 40 120
3 3 4 1 60 40 120
3 5 6 1 60 40 120
3 5 5 1 40 40 120
3 6 6 1 40 40 120
3 3 6 1 20 40 120
3 5 4 1 20 40 120
3 3 3 1 0 40 120
3 6 4 1 0 40 120
3 6 3 0 20 40 120
3 6 5 0 20 40 120
2
6 1
6 3